1836.0   1836.0
100.0   100.0
100.0   100.0
1400.0   1400.0
900.0   900.0
2060.0   2060.0
1472.0   1772.0
100.0   100.0
5408.0   5408.0
5000.0   5000.0
1600.0   1600.0
100.0   100.0
900.0   900.0
26728.0   26728.0
5000.0   5000.0
30228.0   30228.0
1000.0   1000.0
1000.0   1000.0
5000.0   5000.0
5000.0   5000.0
100.0   100.0
100.0   100.0
2004.0   2004.0
6304.0   6304.0
100.0   100.0
100.0   100.0
169.0   169.0
320.0   320.0
5830.0   5830.0
572.0   572.0
572.0   572.0
4.0   4.0
300.0   300.0
300.0   300.0
11.0   11.0
3025.0   3025.0
6.0   6.0
4096.0   4096.0
8.0   8.0
8.0   8.0
6859.0   6859.0
320.0   320.0
11.0   11.0
11.0   11.0
300.0   300.0
11.0   11.0
11.0   11.0
11.0   11.0
300.0   300.0
4.0   4.0
2.0   2.0
11.0   11.0
1600.0   1600.0
6.0   6.0
11.0   11.0
11.0   11.0
11.0   11.0
300.0   300.0
4.0   4.0
4096.0   4096.0
1.0   1.0
11.0   11.0
21.0   21.0
21.0   21.0
4.0   4.0
22.0   22.0
25.0   25.0
21.0   21.0
11.0   11.0
11.0   11.0
